symbol,date,high,low,close,volume,open,adjclose,dividends
petr4.sa,2021-01-04,29.18000030517578,28.530000686645508,28.90999984741211,74719700.0,28.649999618530273,27.968692779541016,0.0
petr4.sa,2021-01-05,30.18000030517578,28.239999771118164,30.040000915527344,95181100.0,28.899999618530273,29.061901092529297,0.0
petr4.sa,2021-01-06,30.899999618530273,30.049999237060547,30.100000381469727,96562500.0,30.15999984741211,29.119945526123047,0.0
petr4.sa,2021-01-07,31.149999618530273,30.34000015258789,31.0,56171300.0,30.34000015258789,29.990642547607422,0.0
petr4.sa,2021-01-08,31.760000228881836,30.350000381469727,31.1200008392334,67136300.0,31.459999084472656,30.106735229492188,0.0
petr4.sa,2021-01-11,31.059999465942383,30.399999618530273,30.860000610351562,48744700.0,30.610000610351562,29.855201721191406,0.0
petr4.sa,2021-01-12,31.559999465942383,30.6299991607666,30.6299991607666,65691900.0,31.1200008392334,29.632688522338867,0.0
petr4.sa,2021-01-13,30.860000610351562,29.0,29.149999618530273,93826600.0,30.68000030517578,28.200878143310547,0.0
petr4.sa,2021-01-14,29.670000076293945,28.719999313354492,29.450000762939453,50745400.0,29.170000076293945,28.49110984802246,0.0
petr4.sa,2021-01-15,29.079999923706055,28.030000686645508,28.1200008392334,80673300.0,29.049999237060547,27.204416275024414,0.0
petr4.sa,2021-01-18,28.850000381469727,28.010000228881836,28.06999969482422,68855700.0,28.309999465942383,27.156042098999023,0.0
petr4.sa,2021-01-19,28.860000610351562,27.639999389648438,28.690000534057617,61656000.0,28.479999542236328,27.755855560302734,0.0
petr4.sa,2021-01-20,29.1200008392334,28.110000610351562,28.209999084472656,60306200.0,28.950000762939453,27.29148292541504,0.0
petr4.sa,2021-01-21,28.399999618530273,27.510000228881836,27.549999237060547,41284900.0,28.020000457763672,26.652973175048828,0.0
petr4.sa,2021-01-22,27.239999771118164,26.559999465942383,27.09000015258789,51181900.0,26.93000030517578,26.20795249938965,0.0
petr4.sa,2021-01-26,27.969999313354492,26.81999969482422,27.0,64514600.0,27.25,26.120882034301758,0.0
petr4.sa,2021-01-27,28.170000076293945,26.530000686645508,27.399999618530273,68337800.0,26.809999465942383,26.507858276367188,0.0
petr4.sa,2021-01-28,28.450000762939453,27.309999465942383,27.760000228881836,67827000.0,27.31999969482422,26.856136322021484,0.0
petr4.sa,2021-01-29,27.68000030517578,26.690000534057617,26.690000534057617,67555300.0,27.520000457763672,25.82097625732422,0.0
petr4.sa,2021-02-01,27.68000030517578,26.829999923706055,27.530000686645508,44449500.0,27.260000228881836,26.633625030517578,0.0
petr4.sa,2021-02-02,29.139999389648438,28.200000762939453,28.65999984741211,91663000.0,28.399999618530273,27.726831436157227,0.0
petr4.sa,2021-02-03,29.139999389648438,28.65999984741211,28.940000534057617,47486800.0,28.979999542236328,27.997716903686523,0.0
petr4.sa,2021-02-04,28.989999771118164,28.209999084472656,28.81999969482422,41444100.0,28.829999923706055,27.881622314453125,0.0
petr4.sa,2021-02-05,30.09000015258789,28.31999969482422,28.84000015258789,121098700.0,28.979999542236328,27.900972366333008,0.0
petr4.sa,2021-02-08,29.299999237060547,27.799999237060547,28.110000610351562,98821700.0,28.510000228881836,27.194740295410156,0.0
petr4.sa,2021-02-09,28.3700008392334,27.3799991607666,27.540000915527344,63662200.0,28.049999237060547,26.643301010131836,0.0
petr4.sa,2021-02-10,28.040000915527344,27.1200008392334,27.799999237060547,52949900.0,27.739999771118164,26.894832611083984,0.0
petr4.sa,2021-02-11,28.5,27.8700008392334,28.079999923706055,61158600.0,28.139999389648438,27.16571617126465,0.0
petr4.sa,2021-02-12,28.489999771118164,27.610000610351562,28.440000534057617,47801100.0,27.809999465942383,27.513996124267578,0.0
petr4.sa,2021-02-18,30.920000076293945,29.040000915527344,29.270000457763672,105539200.0,30.3799991607666,28.316970825195312,0.0
petr4.sa,2021-02-19,28.489999771118164,27.170000076293945,27.329999923706055,215834800.0,28.030000686645508,26.44013786315918,0.0
petr4.sa,2021-02-22,23.200000762939453,21.399999618530273,21.670000076293945,490230400.0,22.799999237060547,20.964426040649414,0.0
petr4.sa,2021-02-23,24.260000228881836,22.709999084472656,24.059999465942383,293503100.0,23.049999237060547,23.276607513427734,0.0
petr4.sa,2021-02-24,25.0,24.010000228881836,24.399999618530273,155246400.0,24.549999237060547,23.60553741455078,0.0
petr4.sa,2021-02-25,25.25,23.100000381469727,23.190000534057617,170233000.0,25.0,22.4349365234375,0.0
petr4.sa,2021-02-26,23.420000076293945,21.969999313354492,22.239999771118164,159881000.0,23.200000762939453,21.515867233276367,0.0
petr4.sa,2021-03-01,23.040000915527344,21.920000076293945,22.0,90330100.0,22.799999237060547,21.283681869506836,0.0
petr4.sa,2021-03-02,22.329999923706055,20.670000076293945,21.989999771118164,147772300.0,21.84000015258789,21.27400779724121,0.0
petr4.sa,2021-03-03,21.889999389648438,20.479999542236328,21.190000534057617,185688500.0,21.799999237060547,20.50005531311035,0.0
petr4.sa,2021-03-04,22.399999618530273,21.1200008392334,22.219999313354492,127843200.0,21.299999237060547,21.496517181396484,0.0
petr4.sa,2021-03-05,23.219999313354492,22.290000915527344,22.389999389648438,126306300.0,22.440000534057617,21.660982131958008,0.0
petr4.sa,2021-03-08,22.280000686645508,20.959999084472656,21.100000381469727,141142800.0,21.940000534057617,20.412986755371094,0.0
petr4.sa,2021-03-09,21.950000762939453,20.860000610351562,21.59000015258789,122648000.0,21.360000610351562,20.88703155517578,0.0
petr4.sa,2021-03-10,22.34000015258789,21.579999923706055,22.34000015258789,111744100.0,21.940000534057617,21.612611770629883,0.0
petr4.sa,2021-03-11,23.489999771118164,22.610000610351562,23.290000915527344,130577500.0,22.6200008392334,22.531679153442383,0.0
petr4.sa,2021-03-12,23.3799991607666,22.860000610351562,23.170000076293945,68123200.0,23.149999618530273,22.415586471557617,0.0
petr4.sa,2021-03-15,23.670000076293945,23.100000381469727,23.649999618530273,68295000.0,23.110000610351562,22.87995719909668,0.0
petr4.sa,2021-03-16,23.68000030517578,23.229999542236328,23.280000686645508,43407900.0,23.6299991607666,22.522005081176758,0.0
petr4.sa,2021-03-17,24.1299991607666,23.110000610351562,24.079999923706055,77966400.0,23.139999389648438,23.295957565307617,0.0
petr4.sa,2021-03-18,23.899999618530273,23.06999969482422,23.239999771118164,77198900.0,23.8799991607666,22.483306884765625,0.0
petr4.sa,2021-03-19,24.040000915527344,23.18000030517578,24.0,90244500.0,23.270000457763672,23.21856117248535,0.0
petr4.sa,2021-03-22,23.780000686645508,23.229999542236328,23.520000457763672,44129300.0,23.690000534057617,22.75419044494629,0.0
petr4.sa,2021-03-23,23.6299991607666,22.799999237060547,22.799999237060547,57124700.0,23.170000076293945,22.057632446289062,0.0
petr4.sa,2021-03-24,23.540000915527344,22.81999969482422,22.81999969482422,63338300.0,23.190000534057617,22.076982498168945,0.0
petr4.sa,2021-03-25,23.299999237060547,22.15999984741211,23.200000762939453,79214500.0,22.700000762939453,22.444610595703125,0.0
petr4.sa,2021-03-26,23.8799991607666,23.110000610351562,23.459999084472656,60918600.0,23.479999542236328,22.696142196655273,0.0
petr4.sa,2021-03-29,23.829999923706055,23.280000686645508,23.829999923706055,50099700.0,23.34000015258789,23.054096221923828,0.0
petr4.sa,2021-03-30,23.989999771118164,23.56999969482422,23.829999923706055,41959100.0,23.639999389648438,23.054096221923828,0.0
petr4.sa,2021-03-31,24.229999542236328,23.780000686645508,24.100000381469727,68609400.0,23.799999237060547,23.315305709838867,0.0
petr4.sa,2021-04-01,24.389999389648438,23.780000686645508,23.889999389648438,47232900.0,24.290000915527344,23.11214256286621,0.0
petr4.sa,2021-04-05,24.200000762939453,23.68000030517578,24.040000915527344,40454400.0,24.1299991607666,23.257259368896484,0.0
petr4.sa,2021-04-06,24.3700008392334,23.90999984741211,24.020000457763672,45934300.0,24.18000030517578,23.237911224365234,0.0
petr4.sa,2021-04-07,24.34000015258789,23.93000030517578,24.0,55892200.0,23.940000534057617,23.21856117248535,0.0
petr4.sa,2021-04-08,24.040000915527344,23.3700008392334,23.700000762939453,63231300.0,23.979999542236328,22.928329467773438,0.0
petr4.sa,2021-04-09,23.780000686645508,23.3700008392334,23.649999618530273,47494400.0,23.5,22.87995719909668,0.0
petr4.sa,2021-04-12,24.3700008392334,23.780000686645508,23.889999389648438,50592900.0,23.959999084472656,23.11214256286621,0.0
petr4.sa,2021-04-13,24.110000610351562,23.690000534057617,23.969999313354492,53612300.0,23.979999542236328,23.189537048339844,0.0
petr4.sa,2021-04-14,24.579999923706055,23.979999542236328,24.350000381469727,90836500.0,24.200000762939453,23.557165145874023,0.0
petr4.sa,2021-04-15,23.829999923706055,23.020000457763672,23.09000015258789,64193600.0,23.700000762939453,23.09000015258789,0.792834
petr4.sa,2021-04-16,23.239999771118164,22.809999465942383,22.950000762939453,59567300.0,23.1299991607666,22.950000762939453,0.0
petr4.sa,2021-04-19,24.889999389648438,22.770000457763672,24.280000686645508,196519100.0,22.950000762939453,24.280000686645508,0.0
petr4.sa,2021-04-20,24.59000015258789,23.760000228881836,23.81999969482422,94965400.0,24.329999923706055,23.81999969482422,0.0
petr4.sa,2021-04-22,24.190000534057617,23.649999618530273,23.709999084472656,46600100.0,24.139999389648438,23.709999084472656,0.0
petr4.sa,2021-04-23,23.940000534057617,23.510000228881836,23.690000534057617,60341000.0,23.8799991607666,23.690000534057617,0.0
petr4.sa,2021-04-26,24.049999237060547,23.610000610351562,23.780000686645508,33281000.0,23.850000381469727,23.780000686645508,0.0
petr4.sa,2021-04-27,24.170000076293945,23.100000381469727,23.100000381469727,76684900.0,23.81999969482422,23.100000381469727,0.0
petr4.sa,2021-04-28,24.09000015258789,23.360000610351562,23.940000534057617,66374200.0,23.399999618530273,23.940000534057617,0.0
petr4.sa,2021-04-29,24.290000915527344,23.420000076293945,23.6200008392334,49775900.0,24.1200008392334,23.6200008392334,0.0
petr4.sa,2021-04-30,23.93000030517578,23.280000686645508,23.6200008392334,61039200.0,23.399999618530273,23.6200008392334,0.0
petr4.sa,2021-05-03,23.809999465942383,23.299999237060547,23.43000030517578,49039900.0,23.799999237060547,23.43000030517578,0.0
petr4.sa,2021-05-04,23.639999389648438,22.8799991607666,22.889999389648438,44765000.0,23.540000915527344,22.889999389648438,0.0
petr4.sa,2021-05-05,23.950000762939453,23.1200008392334,23.829999923706055,75611900.0,23.170000076293945,23.829999923706055,0.0
petr4.sa,2021-05-06,23.850000381469727,23.399999618530273,23.5,54091600.0,23.709999084472656,23.5,0.0
petr4.sa,2021-05-07,24.450000762939453,23.459999084472656,24.3799991607666,74118200.0,23.639999389648438,24.3799991607666,0.0
petr4.sa,2021-05-10,24.979999542236328,24.579999923706055,24.700000762939453,73804500.0,24.799999237060547,24.700000762939453,0.0
petr4.sa,2021-05-11,25.170000076293945,24.31999969482422,25.149999618530273,73729900.0,24.440000534057617,25.149999618530273,0.0
petr4.sa,2021-05-12,25.530000686645508,24.690000534057617,24.780000686645508,89980700.0,24.950000762939453,24.780000686645508,0.0
petr4.sa,2021-05-13,25.100000381469727,24.43000030517578,24.989999771118164,77282100.0,24.760000228881836,24.989999771118164,0.0
petr4.sa,2021-05-14,26.3799991607666,25.549999237060547,26.299999237060547,196135500.0,25.799999237060547,26.299999237060547,0.0
petr4.sa,2021-05-17,26.65999984741211,26.200000762939453,26.65999984741211,83512600.0,26.299999237060547,26.65999984741211,0.0
petr4.sa,2021-05-18,26.799999237060547,26.270000457763672,26.350000381469727,63510600.0,26.700000762939453,26.350000381469727,0.0
petr4.sa,2021-05-19,26.350000381469727,25.799999237060547,26.149999618530273,84700500.0,25.850000381469727,26.149999618530273,0.0
petr4.sa,2021-05-20,26.280000686645508,25.719999313354492,25.93000030517578,71371100.0,26.149999618530273,25.93000030517578,0.0
petr4.sa,2021-05-21,26.309999465942383,25.940000534057617,25.950000762939453,82884500.0,26.079999923706055,25.950000762939453,0.0
