Date,Open,High,Low,Close,Adj Close,Volume
2020-03-05,26.329999923706055,26.670000076293945,24.709999084472656,25.290000915527344,25.288124084472656,69722300
2020-03-06,24.100000381469727,24.1299991607666,22.549999237060547,22.829999923706055,22.828306198120117,138597600
2020-03-09,17.809999465942383,18.229999542236328,15.40999984741211,16.049999237060547,16.04880714416504,254813800
2020-03-10,18.649999618530273,18.649999618530273,16.3700008392334,17.559999465942383,17.558698654174805,170478000
2020-03-11,16.700000762939453,17.1299991607666,15.0,15.850000381469727,15.848824501037598,132482400
2020-03-12,13.65999984741211,13.859999656677246,11.079999923706055,12.600000381469727,12.599065780639648,151535900
2020-03-13,15.100000381469727,15.399999618530273,12.699999809265137,15.399999618530273,15.398858070373535,174972600
2020-03-16,12.90999984741211,14.100000381469727,12.550000190734863,13.09000015258789,13.089029312133789,126432800
2020-03-17,13.600000381469727,13.84000015258789,13.0,13.0,12.999035835266113,149228500
2020-03-18,11.789999961853027,12.270000457763672,10.869999885559082,11.289999961853027,11.289162635803223,162515200
2020-03-19,11.069999694824219,13.069999694824219,10.850000381469727,12.210000038146973,12.209095001220703,157065200
2020-03-20,13.109999656677246,13.5,11.829999923706055,12.0,11.999110221862793,149029900
2020-03-23,12.109999656677246,12.180000305175781,11.279999732971191,11.5,11.49914836883545,107092400
2020-03-24,12.569999694824219,13.539999961853027,12.279999732971191,13.25,13.249017715454102,114259200
2020-03-25,13.239999771118164,14.789999961853027,12.829999923706055,14.319999694824219,14.318937301635742,158286200
2020-03-26,14.399999618530273,15.1899995803833,13.8100004196167,14.390000343322754,14.388933181762695,130618400
2020-03-27,13.300000190734863,13.6899995803833,13.25,13.300000190734863,13.2990140914917,101405900
2020-03-30,13.149999618530273,13.739999771118164,12.829999923706055,13.380000114440918,13.379008293151855,110947200
2020-03-31,13.600000381469727,14.539999961853027,13.600000381469727,13.989999771118164,13.98896312713623,156116500
2020-04-01,13.449999809265137,14.550000190734863,13.319999694824219,14.300000190734863,14.298940658569336,114455000
2020-04-02,15.399999618530273,16.549999237060547,15.010000228881836,15.510000228881836,15.50885009765625,234951200
2020-04-03,16.299999237060547,16.360000610351562,14.930000305175781,15.34000015258789,15.338863372802734,142898700
2020-04-06,16.049999237060547,16.100000381469727,15.180000305175781,15.770000457763672,15.768831253051758,123934200
2020-04-07,16.610000610351562,17.06999969482422,16.34000015258789,16.399999618530273,16.39878273010254,140498900
2020-04-08,16.5,17.530000686645508,16.399999618530273,17.31999969482422,17.318714141845703,116151600
2020-04-09,17.940000534057617,18.690000534057617,16.5,16.81999969482422,16.818750381469727,185771300
2020-04-13,16.81999969482422,17.09000015258789,16.329999923706055,16.93000030517578,16.92874526977539,93724000
2020-04-14,17.020000457763672,17.299999237060547,16.610000610351562,16.729999542236328,16.728759765625,91017200
2020-04-15,16.040000915527344,16.469999313354492,15.859999656677246,16.3799991607666,16.378786087036133,86749600
2020-04-16,16.670000076293945,16.760000228881836,15.529999732971191,15.720000267028809,15.71883487701416,115633300
2020-04-17,15.75,16.1299991607666,15.5600004196167,16.1299991607666,16.128803253173828,116733000
2020-04-20,15.479999542236328,16.329999923706055,15.34000015258789,15.949999809265137,15.948816299438477,133739400
2020-04-22,15.850000381469727,16.75,15.779999732971191,16.75,16.748756408691406,114967100
2020-04-23,17.200000762939453,17.43000030517578,16.6200008392334,16.950000762939453,16.94919776916504,94759000
2020-04-24,16.690000534057617,16.790000915527344,15.279999732971191,15.949999809265137,15.949244499206543,161188800
2020-04-27,16.139999389648438,16.530000686645508,15.779999732971191,16.450000762939453,16.449222564697266,85944900
2020-04-28,17.040000915527344,17.25,16.6299991607666,17.25,17.24965476989746,91613600
2020-04-29,17.799999237060547,18.479999542236328,17.530000686645508,18.200000762939453,18.199636459350586,94528400
2020-04-30,17.979999542236328,18.420000076293945,17.700000762939453,18.049999237060547,18.049636840820312,80263900
2020-05-04,17.43000030517578,17.6200008392334,17.18000030517578,17.3799991607666,17.37965202331543,60268400
2020-05-05,17.899999618530273,18.479999542236328,17.8700008392334,17.940000534057617,17.93964195251465,75043400
2020-05-06,17.8700008392334,18.059999465942383,17.280000686645508,17.280000686645508,17.27965545654297,67937500
2020-05-07,17.75,17.8700008392334,17.350000381469727,17.440000534057617,17.439651489257812,81265100
2020-05-08,17.739999771118164,18.579999923706055,17.709999084472656,18.479999542236328,18.479629516601562,83232700
2020-05-11,18.299999237060547,18.93000030517578,18.110000610351562,18.149999618530273,18.149635314941406,65061500
2020-05-12,18.530000686645508,18.829999923706055,18.1299991607666,18.139999389648438,18.139636993408203,71837200
2020-05-13,18.260000228881836,18.350000381469727,17.520000457763672,17.59000015258789,17.58964729309082,87222300
2020-05-14,17.399999618530273,17.469999313354492,16.719999313354492,17.399999618530273,17.39965057373047,119653200
2020-05-15,17.989999771118164,18.190000534057617,17.149999618530273,17.149999618530273,17.149656295776367,133733100
2020-05-18,18.100000381469727,18.540000915527344,17.920000076293945,18.540000915527344,18.539628982543945,116999500
2020-05-19,18.510000228881836,18.93000030517578,18.40999984741211,18.68000030517578,18.67962646484375,80131600
2020-05-20,19.09000015258789,19.440000534057617,19.059999465942383,19.299999237060547,19.299612045288086,74595100
2020-05-21,19.5,19.770000457763672,19.06999969482422,19.190000534057617,19.189617156982422,81327000
2020-05-22,18.799999237060547,18.899999618530273,18.350000381469727,18.670000076293945,18.669626235961914,71259400
2020-05-25,19.479999542236328,19.559999465942383,19.260000228881836,19.479999542236328,19.4796085357666,38033000
2020-05-26,19.979999542236328,20.09000015258789,19.329999923706055,19.670000076293945,19.669605255126953,68716900
2020-05-27,19.799999237060547,19.93000030517578,19.149999618530273,19.93000030517578,19.929601669311523,74790800
2020-05-28,19.690000534057617,20.079999923706055,19.450000762939453,19.770000457763672,19.769603729248047,65023000
2020-05-29,19.549999237060547,20.34000015258789,19.299999237060547,20.34000015258789,20.33959197998047,128832600
2020-06-01,20.149999618530273,20.559999465942383,20.0,20.329999923706055,20.329593658447266,86579500
2020-06-02,20.75,21.399999618530273,20.600000381469727,21.399999618530273,21.39957046508789,77235100
2020-06-03,21.860000610351562,21.90999984741211,21.40999984741211,21.469999313354492,21.46957015991211,86219700
2020-06-04,21.389999389648438,21.780000686645508,21.040000915527344,21.43000030517578,21.4295711517334,107401400
2020-06-05,22.290000915527344,23.030000686645508,22.059999465942383,22.100000381469727,22.099557876586914,114137700
2020-06-08,22.549999237060547,22.59000015258789,22.010000228881836,22.530000686645508,22.52954864501953,82444400
2020-06-09,22.030000686645508,22.040000915527344,21.639999389648438,21.719999313354492,21.71956443786621,96488300
2020-06-10,21.889999389648438,21.899999618530273,21.0,21.399999618530273,21.39957046508789,102551100
2020-06-12,20.6200008392334,21.170000076293945,20.100000381469727,20.600000381469727,20.59958839416504,116746700
2020-06-15,19.809999465942383,21.09000015258789,19.540000915527344,20.700000762939453,20.699586868286133,99931000
2020-06-16,21.559999465942383,21.90999984741211,21.170000076293945,21.3700008392334,21.36957359313965,94510600
2020-06-17,21.479999542236328,21.850000381469727,21.149999618530273,21.440000534057617,21.439571380615234,63268700
2020-06-18,21.18000030517578,21.770000457763672,21.079999923706055,21.600000381469727,21.599567413330078,56893300
2020-06-19,22.0,22.219999313354492,21.219999313354492,21.469999313354492,21.46957015991211,91139800
2020-06-22,21.600000381469727,21.600000381469727,20.899999618530273,20.950000762939453,20.949581146240234,45419000
2020-06-23,21.219999313354492,22.06999969482422,21.139999389648438,21.649999618530273,21.649566650390625,78950900
2020-06-24,21.489999771118164,21.559999465942383,20.709999084472656,21.0,20.99958038330078,65162400
2020-06-25,20.90999984741211,21.469999313354492,20.729999542236328,21.469999313354492,21.46957015991211,47263500
2020-06-26,21.209999084472656,21.469999313354492,20.780000686645508,20.84000015258789,20.839582443237305,55499300
2020-06-29,21.100000381469727,21.65999984741211,20.93000030517578,21.65999984741211,21.65956687927246,59809600
2020-06-30,21.34000015258789,21.799999237060547,21.09000015258789,21.549999237060547,21.54956817626953,65010600
2020-07-01,21.75,22.25,21.520000457763672,21.709999084472656,21.709564208984375,78983900
2020-07-02,22.100000381469727,22.209999084472656,21.860000610351562,22.059999465942383,22.05955696105957,56345900
2020-07-03,21.950000762939453,22.18000030517578,21.799999237060547,21.979999542236328,21.97955894470215,24060000
2020-07-06,22.389999389648438,22.860000610351562,22.309999465942383,22.510000228881836,22.509550094604492,58070900
2020-07-07,22.34000015258789,22.469999313354492,22.139999389648438,22.229999542236328,22.229555130004883,46591300
2020-07-08,22.450000762939453,22.760000228881836,22.399999618530273,22.649999618530273,22.649545669555664,49136300
2020-07-09,22.780000686645508,22.809999465942383,22.059999465942383,22.139999389648438,22.139556884765625,57151500
2020-07-10,22.190000534057617,22.649999618530273,22.059999465942383,22.510000228881836,22.509550094604492,57428300
2020-07-13,22.610000610351562,22.649999618530273,22.15999984741211,22.15999984741211,22.159555435180664,55425500
2020-07-14,22.1299991607666,22.959999084472656,21.860000610351562,22.899999618530273,22.8995418548584,89380500
2020-07-15,23.200000762939453,23.43000030517578,22.850000381469727,23.34000015258789,23.33953285217285,58390600
2020-07-16,23.15999984741211,23.280000686645508,22.520000457763672,22.719999313354492,22.71954345703125,69698700
2020-07-17,22.829999923706055,23.030000686645508,22.579999923706055,22.739999771118164,22.739543914794922,49927600
2020-07-20,22.700000762939453,22.90999984741211,22.520000457763672,22.739999771118164,22.739543914794922,48679800
2020-07-21,23.149999618530273,23.600000381469727,23.139999389648438,23.3700008392334,23.36953353881836,101769600
2020-07-22,23.299999237060547,23.40999984741211,23.010000228881836,23.049999237060547,23.049537658691406,43085500
2020-07-23,23.15999984741211,23.229999542236328,22.540000915527344,22.56999969482422,22.56999969482422,64072100
2020-07-24,22.540000915527344,23.059999465942383,22.420000076293945,22.729999542236328,22.729999542236328,43380300
2020-07-27,22.8700008392334,23.25,22.450000762939453,23.200000762939453,23.200000762939453,56539600
2020-07-28,23.040000915527344,23.31999969482422,22.799999237060547,22.799999237060547,22.799999237060547,48353000
2020-07-29,23.030000686645508,23.25,22.920000076293945,23.170000076293945,23.170000076293945,44011500
2020-07-30,22.920000076293945,22.920000076293945,22.5,22.81999969482422,22.81999969482422,57859000
2020-07-31,22.920000076293945,23.139999389648438,22.15999984741211,22.200000762939453,22.200000762939453,75397300
2020-08-03,22.540000915527344,22.549999237060547,21.719999313354492,21.799999237060547,21.799999237060547,63598500
2020-08-04,21.459999084472656,22.049999237060547,21.25,21.780000686645508,21.780000686645508,63011900
2020-08-05,22.229999542236328,23.280000686645508,22.229999542236328,23.18000030517578,23.18000030517578,137214700
2020-08-06,23.280000686645508,23.530000686645508,23.010000228881836,23.219999313354492,23.219999313354492,56375100
2020-08-07,22.860000610351562,22.90999984741211,22.549999237060547,22.790000915527344,22.790000915527344,56040200
2020-08-10,22.899999618530273,23.450000762939453,22.639999389648438,23.450000762939453,23.450000762939453,52390100
2020-08-11,23.709999084472656,23.8799991607666,23.059999465942383,23.079999923706055,23.079999923706055,66342300
2020-08-12,23.360000610351562,23.68000030517578,23.079999923706055,23.479999542236328,23.479999542236328,67008500
2020-08-13,23.450000762939453,23.579999923706055,22.709999084472656,22.84000015258789,22.84000015258789,44588200
2020-08-14,22.770000457763672,22.979999542236328,22.530000686645508,22.670000076293945,22.670000076293945,38422000
2020-08-17,22.68000030517578,22.84000015258789,22.149999618530273,22.600000381469727,22.600000381469727,52064300
2020-08-18,22.93000030517578,23.239999771118164,22.770000457763672,23.020000457763672,23.020000457763672,49361300
2020-08-19,22.950000762939453,23.31999969482422,22.75,22.889999389648438,22.889999389648438,51982100
2020-08-20,22.520000457763672,22.8700008392334,22.350000381469727,22.729999542236328,22.729999542236328,55251700
2020-08-21,22.540000915527344,22.6299991607666,22.350000381469727,22.559999465942383,22.559999465942383,38668300
2020-08-24,22.860000610351562,23.1299991607666,22.799999237060547,22.969999313354492,22.969999313354492,51841900
2020-08-25,23.09000015258789,23.149999618530273,22.690000534057617,22.8700008392334,22.8700008392334,37981400
2020-08-26,22.780000686645508,22.899999618530273,22.040000915527344,22.219999313354492,22.219999313354492,69925300
2020-08-27,22.31999969482422,22.469999313354492,22.040000915527344,22.149999618530273,22.149999618530273,35489800
2020-08-28,22.25,22.540000915527344,22.059999465942383,22.540000915527344,22.540000915527344,31071000
2020-08-31,22.31999969482422,22.43000030517578,21.889999389648438,21.889999389648438,21.889999389648438,48539700
2020-09-01,22.200000762939453,22.889999389648438,22.1200008392334,22.8700008392334,22.8700008392334,66299700
2020-09-02,22.93000030517578,23.100000381469727,22.520000457763672,22.799999237060547,22.799999237060547,53618000
2020-09-03,22.610000610351562,23.1200008392334,22.56999969482422,22.8799991607666,22.8799991607666,87642400
2020-09-04,23.0,23.030000686645508,22.579999923706055,22.920000076293945,22.920000076293945,52351100
2020-09-08,22.5,22.5,21.90999984741211,22.260000228881836,22.260000228881836,74490200
2020-09-09,22.489999771118164,22.770000457763672,22.489999771118164,22.729999542236328,22.729999542236328,42143500
2020-09-10,22.579999923706055,22.579999923706055,22.110000610351562,22.1200008392334,22.1200008392334,58350000
2020-09-11,22.1200008392334,22.260000228881836,21.75,21.8799991607666,21.8799991607666,71013700
2020-09-14,21.940000534057617,21.979999542236328,21.43000030517578,21.68000030517578,21.68000030517578,46453300
2020-09-15,21.979999542236328,22.079999923706055,21.549999237060547,21.670000076293945,21.670000076293945,58546700
2020-09-16,21.850000381469727,21.989999771118164,21.600000381469727,21.729999542236328,21.729999542236328,50379500
2020-09-17,21.510000228881836,22.170000076293945,21.459999084472656,22.149999618530273,22.149999618530273,60432200
2020-09-18,21.989999771118164,22.149999618530273,21.549999237060547,21.649999618530273,21.649999618530273,64243500
2020-09-21,21.290000915527344,21.459999084472656,20.809999465942383,20.899999618530273,20.899999618530273,73300000
2020-09-22,20.959999084472656,21.350000381469727,20.75,20.799999237060547,20.799999237060547,47207700
2020-09-23,20.799999237060547,20.959999084472656,20.200000762939453,20.229999542236328,20.229999542236328,57106300
2020-09-24,20.239999771118164,20.709999084472656,20.059999465942383,20.399999618530273,20.399999618530273,76310000
2020-09-25,20.149999618530273,20.260000228881836,19.8700008392334,20.1299991607666,20.1299991607666,40150400
2020-09-28,20.329999923706055,20.559999465942383,19.6299991607666,19.6299991607666,19.6299991607666,48797400
2020-09-29,19.6299991607666,19.860000610351562,19.25,19.309999465942383,19.309999465942383,52878100
2020-09-30,19.5,20.040000915527344,19.43000030517578,19.610000610351562,19.610000610351562,69505000
2020-10-01,19.639999389648438,20.059999465942383,19.1299991607666,19.850000381469727,19.850000381469727,77537300
2020-10-02,19.729999542236328,19.739999771118164,19.020000457763672,19.020000457763672,19.020000457763672,85306000
2020-10-05,19.360000610351562,20.15999984741211,19.239999771118164,20.030000686645508,20.030000686645508,73288500
2020-10-06,20.469999313354492,20.700000762939453,19.93000030517578,19.93000030517578,19.93000030517578,77064600
2020-10-07,20.0,20.049999237060547,19.559999465942383,19.790000915527344,19.790000915527344,53521000
2020-10-08,20.040000915527344,20.59000015258789,19.860000610351562,20.440000534057617,20.440000534057617,78070400
2020-10-09,20.34000015258789,20.389999389648438,19.799999237060547,19.799999237060547,19.799999237060547,67962300
2020-10-13,19.90999984741211,20.1299991607666,19.729999542236328,20.1299991607666,20.1299991607666,55330600
2020-10-14,20.09000015258789,20.3700008392334,19.969999313354492,19.969999313354492,19.969999313354492,44584300
2020-10-15,19.6200008392334,19.770000457763672,19.440000534057617,19.75,19.75,56952100
2020-10-16,19.670000076293945,19.709999084472656,19.31999969482422,19.329999923706055,19.329999923706055,49929000
2020-10-19,19.40999984741211,19.940000534057617,19.25,19.520000457763672,19.520000457763672,107419300
2020-10-20,19.670000076293945,20.270000457763672,19.59000015258789,20.18000030517578,20.18000030517578,68407700
2020-10-21,20.15999984741211,20.329999923706055,19.829999923706055,20.15999984741211,20.15999984741211,60594900
2020-10-22,20.100000381469727,20.84000015258789,20.049999237060547,20.84000015258789,20.84000015258789,98926900
2020-10-23,20.940000534057617,21.139999389648438,20.540000915527344,20.56999969482422,20.56999969482422,61711200
2020-10-26,20.329999923706055,20.530000686645508,20.030000686645508,20.25,20.25,58229100
2020-10-27,20.260000228881836,20.3700008392334,19.809999465942383,19.8799991607666,19.8799991607666,48978400
2020-10-28,19.350000381469727,19.440000534057617,18.670000076293945,18.670000076293945,18.670000076293945,79247400
2020-10-29,18.43000030517578,19.3700008392334,17.739999771118164,19.290000915527344,19.290000915527344,86794800
2020-10-30,19.139999389648438,19.540000915527344,18.8700008392334,18.940000534057617,18.940000534057617,64185100
2020-11-03,19.510000228881836,19.899999618530273,19.329999923706055,19.649999618530273,19.649999618530273,66292400
2020-11-04,20.010000228881836,20.06999969482422,19.270000457763672,19.719999313354492,19.719999313354492,65777600
2020-11-05,19.950000762939453,19.989999771118164,19.719999313354492,19.889999389648438,19.889999389648438,40874800
2020-11-06,19.549999237060547,19.950000762939453,19.540000915527344,19.75,19.75,37273300
2020-11-09,21.110000610351562,22.690000534057617,21.040000915527344,21.610000610351562,21.610000610351562,164904100
2020-11-10,21.889999389648438,23.149999618530273,21.809999465942383,23.079999923706055,23.079999923706055,163732600
2020-11-11,23.350000381469727,23.360000610351562,22.399999618530273,22.8799991607666,22.8799991607666,93072900
2020-11-12,22.739999771118164,22.81999969482422,21.770000457763672,21.90999984741211,21.90999984741211,77275000
2020-11-13,22.020000457763672,22.799999237060547,21.889999389648438,22.6299991607666,22.6299991607666,66065200
2020-11-16,23.200000762939453,23.6299991607666,23.1299991607666,23.290000915527344,23.290000915527344,101583300
2020-11-17,23.049999237060547,24.139999389648438,22.979999542236328,23.690000534057617,23.690000534057617,94082100
2020-11-18,23.989999771118164,24.1299991607666,23.549999237060547,23.549999237060547,23.549999237060547,68540400
2020-11-19,23.549999237060547,23.940000534057617,23.3700008392334,23.81999969482422,23.81999969482422,65382100
2020-11-23,24.049999237060547,25.100000381469727,24.040000915527344,25.100000381469727,25.100000381469727,125649000
2020-11-24,25.639999389648438,26.670000076293945,25.639999389648438,26.219999313354492,26.219999313354492,153293500
2020-11-25,26.200000762939453,26.5,25.670000076293945,26.25,26.25,73971200
2020-11-26,25.940000534057617,25.950000762939453,25.559999465942383,25.81999969482422,25.81999969482422,41935900
2020-11-27,25.920000076293945,26.059999465942383,25.450000762939453,25.5,25.5,49863500
2020-11-30,25.260000228881836,25.8799991607666,24.84000015258789,24.899999618530273,24.899999618530273,90207700
2020-12-01,25.399999618530273,25.770000457763672,25.290000915527344,25.600000381469727,25.600000381469727,58866000
2020-12-02,25.600000381469727,26.5,25.329999923706055,25.90999984741211,25.90999984741211,88093300
2020-12-03,26.149999618530273,26.889999389648438,26.049999237060547,26.639999389648438,26.639999389648438,62424500
2020-12-04,27.190000534057617,27.56999969482422,27.059999465942383,27.530000686645508,27.530000686645508,61652400
2020-12-07,27.270000457763672,27.790000915527344,26.670000076293945,27.0,27.0,72664200
2020-12-08,26.809999465942383,27.139999389648438,26.459999084472656,26.65999984741211,26.65999984741211,46276700
2020-12-09,26.6299991607666,26.969999313354492,26.399999618530273,26.940000534057617,26.940000534057617,52448300
2020-12-10,27.190000534057617,28.200000762939453,27.1299991607666,27.81999969482422,27.81999969482422,97537100
2020-12-11,27.489999771118164,27.84000015258789,27.280000686645508,27.56999969482422,27.56999969482422,48334300
2020-12-14,28.030000686645508,28.270000457763672,27.6200008392334,27.6200008392334,27.6200008392334,53159500
2020-12-15,27.6200008392334,27.989999771118164,27.6200008392334,27.850000381469727,27.850000381469727,47208200
2020-12-16,27.850000381469727,28.239999771118164,27.469999313354492,28.190000534057617,28.190000534057617,59399200
2020-12-17,28.299999237060547,28.389999389648438,28.06999969482422,28.239999771118164,28.239999771118164,39297700
2020-12-18,28.100000381469727,28.31999969482422,28.020000457763672,28.100000381469727,28.100000381469727,44707900
2020-12-21,27.190000534057617,27.489999771118164,26.520000457763672,27.020000457763672,27.020000457763672,99988800
2020-12-22,27.200000762939453,27.469999313354492,27.049999237060547,27.280000686645508,27.280000686645508,46513200
2020-12-23,27.43000030517578,28.25,27.350000381469727,27.950000762939453,27.950000762939453,49038900
2020-12-28,28.360000610351562,28.520000457763672,28.18000030517578,28.18000030517578,28.18000030517578,36313300
2020-12-29,28.3799991607666,28.43000030517578,27.989999771118164,28.270000457763672,28.270000457763672,29891100
2020-12-30,28.350000381469727,28.489999771118164,28.200000762939453,28.34000015258789,28.34000015258789,36968200
2021-01-04,28.649999618530273,29.18000030517578,28.530000686645508,28.90999984741211,28.90999984741211,74719700
2021-01-05,28.899999618530273,30.18000030517578,28.239999771118164,30.040000915527344,30.040000915527344,95181100
2021-01-06,30.15999984741211,30.899999618530273,30.049999237060547,30.100000381469727,30.100000381469727,96562500
2021-01-07,30.34000015258789,31.149999618530273,30.34000015258789,31.0,31.0,56171300
2021-01-08,31.459999084472656,31.760000228881836,30.350000381469727,31.1200008392334,31.1200008392334,67136300
2021-01-11,30.610000610351562,31.059999465942383,30.399999618530273,30.860000610351562,30.860000610351562,48744700
2021-01-12,31.1200008392334,31.559999465942383,30.6299991607666,30.6299991607666,30.6299991607666,65691900
2021-01-13,30.68000030517578,30.860000610351562,29.0,29.149999618530273,29.149999618530273,93826600
2021-01-14,29.170000076293945,29.670000076293945,28.719999313354492,29.450000762939453,29.450000762939453,50745400
2021-01-15,29.049999237060547,29.079999923706055,28.030000686645508,28.1200008392334,28.1200008392334,80673300
2021-01-18,28.309999465942383,28.850000381469727,28.010000228881836,28.06999969482422,28.06999969482422,68855700
2021-01-19,28.479999542236328,28.860000610351562,27.639999389648438,28.690000534057617,28.690000534057617,61656000
2021-01-20,28.950000762939453,29.1200008392334,28.110000610351562,28.209999084472656,28.209999084472656,60306200
2021-01-21,28.020000457763672,28.399999618530273,27.510000228881836,27.549999237060547,27.549999237060547,41284900
2021-01-22,26.93000030517578,27.239999771118164,26.559999465942383,27.09000015258789,27.09000015258789,51181900
2021-01-26,27.25,27.969999313354492,26.81999969482422,27.0,27.0,64514600
2021-01-27,26.809999465942383,28.170000076293945,26.530000686645508,27.399999618530273,27.399999618530273,68337800
2021-01-28,27.31999969482422,28.450000762939453,27.309999465942383,27.760000228881836,27.760000228881836,67827000
2021-01-29,27.520000457763672,27.68000030517578,26.690000534057617,26.690000534057617,26.690000534057617,67555300
2021-02-01,27.260000228881836,27.68000030517578,26.829999923706055,27.530000686645508,27.530000686645508,44449500
2021-02-02,28.399999618530273,29.139999389648438,28.200000762939453,28.65999984741211,28.65999984741211,91663000
2021-02-03,28.979999542236328,29.139999389648438,28.65999984741211,28.940000534057617,28.940000534057617,47486800
2021-02-04,28.829999923706055,28.989999771118164,28.209999084472656,28.81999969482422,28.81999969482422,41444100
2021-02-05,28.979999542236328,30.09000015258789,28.31999969482422,28.84000015258789,28.84000015258789,121098700
2021-02-08,28.510000228881836,29.299999237060547,27.799999237060547,28.110000610351562,28.110000610351562,98821700
2021-02-09,28.049999237060547,28.3700008392334,27.3799991607666,27.540000915527344,27.540000915527344,63662200
2021-02-10,27.739999771118164,28.040000915527344,27.1200008392334,27.799999237060547,27.799999237060547,52949900
2021-02-11,28.139999389648438,28.5,27.8700008392334,28.079999923706055,28.079999923706055,61158600
2021-02-12,27.809999465942383,28.489999771118164,27.610000610351562,28.440000534057617,28.440000534057617,47801100
2021-02-18,30.3799991607666,30.920000076293945,29.040000915527344,29.270000457763672,29.270000457763672,105539200
2021-02-19,28.030000686645508,28.489999771118164,27.170000076293945,27.329999923706055,27.329999923706055,215834800
2021-02-22,22.799999237060547,23.200000762939453,21.399999618530273,21.670000076293945,21.670000076293945,490230400
2021-02-23,23.049999237060547,24.260000228881836,22.709999084472656,24.059999465942383,24.059999465942383,293503100
2021-02-24,24.549999237060547,25.0,24.010000228881836,24.399999618530273,24.399999618530273,155246400
2021-02-25,25.0,25.25,23.100000381469727,23.190000534057617,23.190000534057617,170233000
2021-02-26,23.200000762939453,23.420000076293945,21.969999313354492,22.239999771118164,22.239999771118164,159881000
2021-03-01,22.799999237060547,23.040000915527344,21.920000076293945,22.0,22.0,90330100
2021-03-02,21.84000015258789,22.329999923706055,20.670000076293945,21.989999771118164,21.989999771118164,147772300
2021-03-03,21.799999237060547,21.889999389648438,20.479999542236328,21.190000534057617,21.190000534057617,185688500
2021-03-04,21.299999237060547,22.399999618530273,21.1200008392334,22.219999313354492,22.219999313354492,127843200
2021-03-05,22.440000534057617,23.219999313354492,22.290000915527344,22.389999389648438,22.389999389648438,126306300
